 

stn;time;tre200dx;tre200dn;tre200d0
BEINS;20210101;4.2;1.6;2.5
BEINS;20210102;3.3;1.9;2.6
BEINS;20210103;2.9;-0.1;1.8
BEINS;20210104;1.8;-0.2;1.1
BEINS;20210105;1.3;0.7;1.1
BEINS;20210106;2.5;0.4;1.4
BEINS;20210107;5.6;0.7;1.9
BEINS;20210108;5.4;-1.3;1.6
BEINS;20210109;2.3;-2.2;0.0
BEINS;20210110;2.4;-1.1;0.1
BEINS;20210111;1.4;-4.2;-1.6
BEINS;20210112;3.6;-4.3;0.5
BEINS;20210113;5.9;3.5;4.5
BEINS;20210114;6.6;5.1;6.0
BEINS;20210115;5.7;-2.3;2.1
BEINS;20210116;0.8;-5.2;-1.7
BEINS;20210117;4.2;0.7;3.0
BEINS;20210118;6.0;0.5;3.1
BEINS;20210119;6.7;-0.9;2.3
BEINS;20210120;7.3;-0.8;2.3
BEINS;20210121;11.3;1.4;8.2
BEINS;20210122;10.1;4.4;7.8
BEINS;20210123;6.4;3.1;4.3
BEINS;20210124;6.5;0.6;3.4
BEINS;20210125;3.3;0.1;1.8
BEINS;20210126;4.1;-3.0;0.3
BEINS;20210127;4.4;-4.4;0.6
BEINS;20210128;11.9;3.5;8.5
BEINS;20210129;12.2;7.6;9.7
BEINS;20210130;8.8;6.3;7.2
BEINS;20210131;9.1;6.3;7.5
BEINS;20210201;9.5;6.3;7.9
BEINS;20210202;11.3;8.2;9.8
BEINS;20210203;13.0;9.5;10.6
BEINS;20210204;10.5;4.4;7.8
BEINS;20210205;11.2;4.3;7.4
BEINS;20210206;8.7;4.4;6.4
BEINS;20210207;8.7;4.0;6.3
BEINS;20210208;7.8;2.0;5.4
BEINS;20210209;5.7;1.3;2.7
BEINS;20210210;7.4;-0.9;3.0
BEINS;20210211;-1.0;-4.3;-2.9
BEINS;20210212;-2.7;-5.2;-4.0
BEINS;20210213;-2.8;-5.9;-4.6
BEINS;20210214;2.2;-6.2;-2.5
BEINS;20210215;6.5;-2.9;2.4
BEINS;20210216;10.1;3.4;6.9
BEINS;20210217;14.2;3.3;9.0
BEINS;20210218;9.0;0.8;4.9
BEINS;20210219;16.1;5.4;9.7
BEINS;20210220;16.9;2.2;8.3
BEINS;20210221;15.8;1.7;7.8
BEINS;20210222;12.0;1.6;6.1
BEINS;20210223;15.3;1.7;8.2
BEINS;20210224;17.6;3.1;9.3
BEINS;20210225;19.0;3.2;9.8
BEINS;20210226;15.7;2.4;9.7
BEINS;20210227;10.0;5.8;7.9
BEINS;20210228;8.6;1.5;5.3
BEINS;20210301;13.9;-0.5;5.8
BEINS;20210302;15.7;1.1;7.5
BEINS;20210303;10.5;3.4;7.0
BEINS;20210304;14.2;4.9;9.0
BEINS;20210305;9.9;4.2;7.0
BEINS;20210306;7.7;0.9;4.2
BEINS;20210307;10.8;1.4;6.2
BEINS;20210308;12.8;4.1;8.1
BEINS;20210309;10.9;0.0;5.6
BEINS;20210310;12.3;0.8;7.1
BEINS;20210311;13.8;8.6;11.7
BEINS;20210312;12.0;5.6;9.3
BEINS;20210313;12.4;5.6;8.9
BEINS;20210314;6.9;3.4;5.1
BEINS;20210315;6.7;3.0;4.9
BEINS;20210316;7.5;2.6;5.1
BEINS;20210317;8.7;2.4;4.7
BEINS;20210318;7.2;1.5;3.6
BEINS;20210319;8.2;-0.2;3.6
BEINS;20210320;6.0;0.6;3.0
BEINS;20210321;8.2;-1.0;4.2
BEINS;20210322;8.6;2.4;5.6
BEINS;20210323;14.0;1.5;7.4
BEINS;20210324;16.7;1.0;8.7
BEINS;20210325;18.1;2.8;10.3
BEINS;20210326;17.8;3.8;11.3
BEINS;20210327;13.6;4.7;9.8
BEINS;20210328;15.9;1.5;8.9
BEINS;20210329;21.8;3.3;12.1
BEINS;20210330;23.0;4.8;13.9
BEINS;20210331;24.3;7.5;15.2
BEINS;20210401;24.3;8.2;16.3
BEINS;20210402;23.8;8.3;15.3
BEINS;20210403;12.5;5.1;8.5
BEINS;20210404;16.4;3.8;9.5
BEINS;20210405;16.8;1.4;8.9
BEINS;20210406;7.8;-0.4;3.4
BEINS;20210407;6.0;0.2;3.1
BEINS;20210408;14.1;-1.1;6.2
BEINS;20210409;18.7;1.8;10.6
BEINS;20210410;16.3;8.4;12.3
BEINS;20210411;19.4;6.9;12.4
BEINS;20210412;9.6;1.6;6.0
BEINS;20210413;10.1;0.4;5.0
BEINS;20210414;11.2;0.8;6.0
BEINS;20210415;10.9;0.7;5.9
BEINS;20210416;12.3;1.4;6.8
BEINS;20210417;13.2;2.0;7.7
BEINS;20210418;12.4;4.4;8.3
BEINS;20210419;15.1;1.6;9.0
BEINS;20210420;18.8;3.4;11.0
BEINS;20210421;19.1;4.2;11.2
BEINS;20210422;20.8;6.5;13.6
BEINS;20210423;21.8;7.8;14.3
BEINS;20210424;23.3;5.5;15.0
BEINS;20210425;23.7;7.6;16.1
BEINS;20210426;20.1;10.7;15.1
BEINS;20210427;22.0;7.2;15.2
BEINS;20210428;20.4;11.5;15.0
BEINS;20210429;17.3;11.2;13.8
BEINS;20210430;13.3;8.5;10.9
BEINS;20210501;11.2;7.2;8.9
BEINS;20210502;13.1;4.4;8.5
BEINS;20210503;16.9;1.9;10.0
BEINS;20210504;19.0;8.0;14.1
BEINS;20210505;14.3;9.1;11.7
BEINS;20210506;13.3;8.5;10.7
BEINS;20210507;15.7;8.1;11.6
BEINS;20210508;22.6;6.9;14.3
BEINS;20210509;27.6;9.9;18.9
BEINS;20210510;16.6;13.0;15.1
BEINS;20210511;13.9;10.5;12.4
BEINS;20210512;18.6;10.3;13.9
BEINS;20210513;15.2;8.8;11.6
BEINS;20210514;16.6;5.8;11.5
BEINS;20210515;13.4;7.5;10.4
BEINS;20210516;13.8;7.5;11.4
BEINS;20210517;15.1;9.4;11.6
BEINS;20210518;18.3;9.6;13.2
BEINS;20210519;15.3;9.1;11.1
BEINS;20210520;18.1;8.9;13.4
BEINS;20210521;14.4;9.2;11.8
BEINS;20210522;19.6;8.8;13.8
BEINS;20210523;19.3;9.6;13.8
BEINS;20210524;19.3;9.3;13.3
BEINS;20210525;16.7;8.5;12.7
BEINS;20210526;19.6;11.4;15.6
BEINS;20210527;20.0;11.0;15.4
BEINS;20210528;24.8;7.9;17.2
BEINS;20210529;23.4;13.5;18.3
BEINS;20210530;22.8;12.1;17.8
BEINS;20210531;25.4;9.9;18.8
BEINS;20210601;28.5;11.6;20.9
BEINS;20210602;23.2;17.0;19.7
BEINS;20210603;27.9;17.4;22.0
BEINS;20210604;28.0;17.3;21.1
BEINS;20210605;22.2;16.3;17.7
BEINS;20210606;23.6;14.2;19.1
BEINS;20210607;23.5;16.5;19.9
BEINS;20210608;24.7;17.2;19.3
BEINS;20210609;25.6;16.6;20.4
BEINS;20210610;28.9;14.0;21.8
BEINS;20210611;30.1;15.3;22.9
BEINS;20210612;29.3;15.9;23.0
BEINS;20210613;28.5;16.2;23.3
BEINS;20210614;31.8;15.2;23.8
BEINS;20210615;32.7;15.2;24.6
BEINS;20210616;32.3;17.3;25.5
BEINS;20210617;34.1;18.4;26.5
BEINS;20210618;30.9;20.0;25.1
BEINS;20210619;32.2;19.9;26.2
BEINS;20210620;28.7;16.3;22.4
BEINS;20210621;28.8;17.0;20.6
BEINS;20210622;25.8;16.3;19.7
BEINS;20210623;26.5;14.8;19.5
BEINS;20210624;24.0;14.1;17.9
BEINS;20210625;21.2;14.9;18.3
BEINS;20210626;26.6;13.5;20.3
BEINS;20210627;28.0;15.3;22.0
BEINS;20210628;30.3;17.4;21.1
BEINS;20210629;22.8;14.3;18.2
BEINS;20210630;20.5;13.8;16.5
BEINS;20210701;24.4;15.8;19.6
BEINS;20210702;26.6;13.9;20.9
BEINS;20210703;23.2;16.1;19.1
BEINS;20210704;22.0;17.2;19.4
BEINS;20210705;26.6;16.5;21.1
BEINS;20210706;21.1;15.9;18.7
BEINS;20210707;24.9;17.5;20.3
BEINS;20210708;22.9;16.2;18.7
BEINS;20210709;25.8;15.3;20.1
BEINS;20210710;27.1;14.3;19.9
BEINS;20210711;26.4;15.5;20.7
BEINS;20210712;27.1;15.3;20.9
BEINS;20210713;19.3;14.1;16.1
BEINS;20210714;20.3;14.4;16.7
BEINS;20210715;19.3;15.3;17.2
BEINS;20210716;24.4;15.7;19.4
BEINS;20210717;25.6;15.2;21.0
BEINS;20210718;28.1;19.6;23.7
BEINS;20210719;30.3;17.4;24.4
BEINS;20210720;30.2;17.6;23.7
BEINS;20210721;31.0;15.3;23.3
BEINS;20210722;30.9;17.0;23.9
BEINS;20210723;31.4;17.7;24.9
BEINS;20210724;26.7;18.7;22.1
BEINS;20210725;26.4;17.7;21.0
BEINS;20210726;25.8;17.5;21.2
BEINS;20210727;27.1;15.8;21.7
BEINS;20210728;25.7;16.7;20.9
BEINS;20210729;28.8;16.9;22.7
BEINS;20210730;28.3;17.3;21.9
BEINS;20210731;25.4;16.2;20.8
BEINS;20210801;17.9;14.2;15.9
BEINS;20210802;23.3;13.6;18.2
BEINS;20210803;20.8;13.9;16.5
BEINS;20210804;17.6;14.6;16.1
BEINS;20210805;23.9;15.8;18.9
BEINS;20210806;26.7;17.2;21.2
BEINS;20210807;21.6;16.2;17.4
BEINS;20210808;23.9;14.1;19.0
BEINS;20210809;22.9;12.7;17.9
BEINS;20210810;29.1;13.5;21.5
BEINS;20210811;31.6;16.9;23.9
BEINS;20210812;32.9;18.4;25.1
BEINS;20210813;32.5;18.7;25.7
BEINS;20210814;33.5;20.8;26.6
BEINS;20210815;31.7;20.6;26.2
BEINS;20210816;25.6;16.2;22.2
BEINS;20210817;23.7;16.1;19.2
BEINS;20210818;25.2;16.5;20.0
BEINS;20210819;25.3;16.9;20.8
BEINS;20210820;28.2;15.7;22.0
BEINS;20210821;29.9;15.8;22.8
BEINS;20210822;26.0;18.8;21.3
BEINS;20210823;24.4;15.4;19.8
BEINS;20210824;22.3;15.9;18.9
BEINS;20210825;22.1;13.3;17.9
BEINS;20210826;25.9;11.8;18.6
BEINS;20210827;23.4;13.5;18.1
BEINS;20210828;22.8;10.0;16.7
BEINS;20210829;20.9;12.9;17.4
BEINS;20210830;22.9;11.9;18.0
BEINS;20210831;23.4;14.0;18.5
BEINS;20210901;24.7;14.2;19.2
BEINS;20210902;27.5;11.7;19.8
BEINS;20210903;28.9;13.3;20.3
BEINS;20210904;28.9;14.7;21.1
BEINS;20210905;28.9;14.5;21.4
BEINS;20210906;29.5;14.8;21.8
BEINS;20210907;28.7;14.1;21.4
BEINS;20210908;29.1;14.6;21.7
BEINS;20210909;22.8;17.4;19.7
BEINS;20210910;22.8;16.0;19.2
BEINS;20210911;26.0;14.4;19.9
BEINS;20210912;27.1;13.8;20.0
BEINS;20210913;28.4;14.3;20.7
BEINS;20210914;25.5;15.2;21.0
BEINS;20210915;23.7;19.1;20.8
BEINS;20210916;23.3;16.7;19.9
BEINS;20210917;24.2;14.6;18.8
BEINS;20210918;24.6;11.8;18.0
BEINS;20210919;16.8;13.3;14.3
BEINS;20210920;17.2;13.2;14.8
BEINS;20210921;21.6;12.1;16.1
BEINS;20210922;20.7;11.2;15.7
BEINS;20210923;22.8;9.1;15.6
BEINS;20210924;25.0;12.0;17.1
BEINS;20210925;24.4;12.2;18.8
BEINS;20210926;23.4;15.7;18.9
BEINS;20210927;22.7;13.5;18.1
BEINS;20210928;20.8;14.6;17.1
BEINS;20210929;21.1;14.1;16.8
BEINS;20210930;19.7;9.2;14.0
BEINS;20211001;22.0;7.6;14.3
BEINS;20211002;24.3;12.6;17.9
BEINS;20211003;21.5;13.0;16.4
BEINS;20211004;14.2;11.9;12.9
BEINS;20211005;17.4;12.5;14.2
BEINS;20211006;15.6;9.7;12.2
BEINS;20211007;16.0;9.9;12.5
BEINS;20211008;16.6;11.4;13.3
BEINS;20211009;15.6;9.8;12.2
BEINS;20211010;16.7;4.3;10.0
BEINS;20211011;15.7;3.4;9.2
BEINS;20211012;15.6;5.4;10.5
BEINS;20211013;14.6;5.8;10.5
BEINS;20211014;15.7;3.4;9.0
BEINS;20211015;15.6;4.1;9.4
BEINS;20211016;17.8;4.4;10.3
BEINS;20211017;16.4;6.6;9.9
BEINS;20211018;17.4;6.4;10.8
BEINS;20211019;19.5;8.3;12.7
BEINS;20211020;21.1;8.1;15.8
BEINS;20211021;18.2;12.2;15.1
BEINS;20211022;15.9;4.1;11.3
BEINS;20211023;14.0;2.2;8.0
BEINS;20211024;14.7;2.5;7.6
BEINS;20211025;16.7;6.3;10.5
BEINS;20211026;17.6;7.9;12.0
BEINS;20211027;13.5;6.0;8.5
BEINS;20211028;13.8;6.4;8.9
BEINS;20211029;14.5;5.3;8.7
BEINS;20211030;10.7;4.2;7.7
BEINS;20211031;16.6;7.6;11.6
BEINS;20211101;13.3;8.7;11.3
BEINS;20211102;12.5;6.2;9.2
BEINS;20211103;9.1;5.3;7.5
BEINS;20211104;10.0;6.4;7.7
BEINS;20211105;11.2;4.7;7.9
BEINS;20211106;11.1;1.8;6.4
BEINS;20211107;10.3;0.0;4.7
BEINS;20211108;10.5;5.6;7.8
BEINS;20211109;8.8;2.4;5.5
BEINS;20211110;8.8;1.4;4.7
BEINS;20211111;9.8;0.8;4.5
BEINS;20211112;6.5;3.2;4.9
BEINS;20211113;11.3;5.8;8.2
BEINS;20211114;12.0;7.2;9.3
BEINS;20211115;9.1;7.1;8.0
BEINS;20211116;8.8;7.0;7.7
BEINS;20211117;8.1;6.2;7.1
BEINS;20211118;10.7;2.2;6.4
BEINS;20211119;4.9;0.4;2.9
BEINS;20211120;3.7;1.5;2.7
BEINS;20211121;6.1;3.1;4.7
BEINS;20211122;7.3;5.2;6.2
BEINS;20211123;6.8;4.6;5.5
BEINS;20211124;6.0;3.6;4.8
BEINS;20211125;4.5;2.5;3.6
BEINS;20211126;5.6;2.2;3.9
BEINS;20211127;6.9;2.2;4.2
BEINS;20211128;4.1;1.6;3.2
BEINS;20211129;5.5;1.7;3.0
BEINS;20211130;5.1;1.2;3.0
BEINS;20211201;8.7;4.2;6.5
BEINS;20211202;7.2;1.6;4.9
BEINS;20211203;4.7;-1.4;2.0
BEINS;20211204;9.2;1.5;6.1
BEINS;20211205;5.3;1.8;3.4
BEINS;20211206;4.2;1.1;2.8
BEINS;20211207;7.4;2.1;4.3
BEINS;20211208;5.4;1.5;3.7
BEINS;20211209;6.1;0.9;3.2
BEINS;20211210;4.3;0.1;2.1
BEINS;20211211;4.1;-1.0;3.0
BEINS;20211212;2.6;-2.3;0.1
BEINS;20211213;0.5;-1.2;-0.2
BEINS;20211214;1.5;-1.4;0.2
BEINS;20211215;2.5;-0.4;1.0
BEINS;20211216;4.2;2.0;3.1
BEINS;20211217;4.6;3.5;4.2
BEINS;20211218;6.9;-0.2;3.5
BEINS;20211219;0.9;-1.1;0.0
BEINS;20211220;3.5;-1.1;0.7
BEINS;20211221;1.7;0.1;0.8
BEINS;20211222;0.6;-0.6;0.0
BEINS;20211223;5.4;-0.8;2.3
BEINS;20211224;8.0;1.4;4.9
BEINS;20211225;8.1;2.5;5.3
BEINS;20211226;8.0;5.4;6.8
BEINS;20211227;8.5;5.6;7.2
BEINS;20211228;12.6;8.2;9.7
BEINS;20211229;11.7;7.6;9.6
BEINS;20211230;16.6;7.5;11.9
BEINS;20211231;12.7;4.6;8.8
BEINS;20220101;6.2;0.0;2.7
BEINS;20220102;13.9;0.2;6.2
BEINS;20220103;13.6;10.3;11.8
BEINS;20220104;15.7;7.6;12.5
BEINS;20220105;7.5;1.6;4.0
BEINS;20220106;5.4;-0.6;2.4
BEINS;20220107;3.4;-1.1;1.4
BEINS;20220108;5.4;1.8;3.7
BEINS;20220109;5.6;2.7;4.3
BEINS;20220110;5.8;0.2;2.8
BEINS;20220111;4.6;0.8;2.9
BEINS;20220112;4.7;0.1;1.6
BEINS;20220113;4.0;-2.0;0.4
BEINS;20220114;5.7;-3.5;0.2
BEINS;20220115;1.7;-3.0;-0.4
BEINS;20220116;3.6;-0.9;0.5
BEINS;20220117;8.8;-0.3;3.5
BEINS;20220118;6.0;0.7;3.5
BEINS;20220119;6.4;1.6;3.9
BEINS;20220120;7.0;1.9;4.1
BEINS;20220121;4.7;-0.6;1.8
BEINS;20220122;7.6;-2.1;2.6
BEINS;20220123;5.6;-2.2;2.1
BEINS;20220124;3.3;-1.5;1.6
BEINS;20220125;1.6;-0.4;0.5
BEINS;20220126;0.9;-1.3;-0.2
BEINS;20220127;3.0;-1.5;0.3
BEINS;20220128;10.5;-1.7;3.3
BEINS;20220129;10.0;-0.9;4.8
BEINS;20220130;12.0;0.8;6.5
BEINS;20220131;6.2;0.6;4.2
BEINS;20220201;5.0;2.0;3.8
BEINS;20220202;9.3;3.9;6.8
BEINS;20220203;5.8;2.0;4.1
BEINS;20220204;10.2;1.3;5.6
BEINS;20220205;10.9;0.7;6.3
BEINS;20220206;7.8;1.1;5.1
BEINS;20220207;9.1;0.7;5.7
BEINS;20220208;9.7;-2.4;3.1
BEINS;20220209;11.3;-0.2;4.2
BEINS;20220210;14.0;0.4;7.2
BEINS;20220211;9.4;2.5;6.6
BEINS;20220212;6.2;-1.4;2.6
BEINS;20220213;11.4;-2.4;3.9
BEINS;20220214;7.0;-0.1;4.0
BEINS;20220215;9.1;4.0;5.8
BEINS;20220216;10.1;4.6;6.7
BEINS;20220217;14.0;9.5;11.5
BEINS;20220218;17.0;7.3;10.9
BEINS;20220219;10.3;4.2;7.4
BEINS;20220220;11.7;5.1;8.5
BEINS;20220221;9.7;5.4;7.0
BEINS;20220222;11.1;5.1;7.8
BEINS;20220223;15.2;4.5;9.0
BEINS;20220224;12.6;1.2;7.2
BEINS;20220225;9.5;2.5;6.1
BEINS;20220226;8.6;0.2;4.6
BEINS;20220227;8.5;0.3;4.0
BEINS;20220228;11.9;-1.8;4.7
BEINS;20220301;11.8;-1.3;5.0
BEINS;20220302;11.4;-1.3;5.5
BEINS;20220303;15.5;0.9;8.0
BEINS;20220304;12.4;0.9;5.9
BEINS;20220305;10.4;-2.6;4.0
BEINS;20220306;8.2;-1.0;3.1
BEINS;20220307;8.1;-0.3;3.3
BEINS;20220308;10.4;-3.3;3.3
BEINS;20220309;13.1;-1.1;5.3
BEINS;20220310;14.9;-0.7;6.5
BEINS;20220311;15.3;-0.3;7.2
BEINS;20220312;16.6;5.7;10.6
BEINS;20220313;16.5;5.6;10.6
BEINS;20220314;16.4;3.8;10.1
BEINS;20220315;12.0;7.3;9.3
BEINS;20220316;13.2;5.2;9.2
BEINS;20220317;18.4;5.8;11.8
BEINS;20220318;13.1;9.2;10.8
BEINS;20220319;15.1;5.6;10.1
BEINS;20220320;16.8;3.0;9.5
BEINS;20220321;18.9;3.5;10.3
BEINS;20220322;17.1;2.8;9.6
BEINS;20220323;19.0;2.5;10.3
BEINS;20220324;20.6;3.1;11.2
BEINS;20220325;21.0;3.5;12.3
BEINS;20220326;21.1;4.6;13.8
BEINS;20220327;21.4;3.8;12.3
BEINS;20220328;20.7;3.7;12.2
BEINS;20220329;19.0;6.7;13.2
BEINS;20220330;14.2;9.0;11.6
BEINS;20220331;13.3;7.2;9.5
BEINS;20220401;7.1;1.4;3.3
BEINS;20220402;5.5;0.5;2.6
BEINS;20220403;5.1;0.3;2.3
BEINS;20220404;10.7;-1.4;5.3
BEINS;20220405;15.0;6.5;10.4
BEINS;20220406;18.1;7.7;12.4
BEINS;20220407;12.3;9.8;10.7
BEINS;20220408;14.0;10.0;11.9
BEINS;20220409;10.5;4.8;7.3
BEINS;20220410;14.2;2.9;8.2
BEINS;20220411;17.2;2.7;10.3
BEINS;20220412;21.8;5.6;14.0
BEINS;20220413;24.6;11.8;17.2
BEINS;20220414;24.7;11.2;17.7
BEINS;20220415;23.6;11.7;17.6
BEINS;20220416;18.0;9.6;14.1
BEINS;20220417;18.3;5.0;12.1
BEINS;20220418;20.9;4.3;12.7
BEINS;20220419;21.8;4.6;13.6
BEINS;20220420;20.5;8.3;14.4
BEINS;20220421;20.4;6.5;13.8
BEINS;20220422;19.9;7.1;13.6
BEINS;20220423;16.6;8.3;12.9
BEINS;20220424;12.8;7.5;10.5
BEINS;20220425;12.5;10.6;11.2
BEINS;20220426;17.5;8.1;12.3
BEINS;20220427;18.8;5.2;12.9
BEINS;20220428;21.8;7.4;15.0
BEINS;20220429;21.1;7.2;15.0
BEINS;20220430;19.5;9.5;13.7
BEINS;20220501;19.7;6.8;13.1
BEINS;20220502;21.7;6.5;15.1
BEINS;20220503;21.8;9.3;15.2
BEINS;20220504;21.5;9.0;15.2
BEINS;20220505;13.4;12.0;12.8
BEINS;20220506;16.5;11.8;13.8
BEINS;20220507;21.3;11.3;15.5
BEINS;20220508;19.2;11.0;15.9
BEINS;20220509;24.2;13.7;18.2
BEINS;20220510;25.6;11.4;18.9
BEINS;20220511;29.1;12.9;21.5
BEINS;20220512;28.6;17.5;21.9
BEINS;20220513;24.6;16.4;19.8
BEINS;20220514;27.6;13.8;20.8
BEINS;20220515;29.4;13.2;21.6
BEINS;20220516;26.8;14.6;20.8
BEINS;20220517;29.2;15.1;22.0
BEINS;20220518;30.7;15.1;23.3
BEINS;20220519;31.2;16.2;23.3
BEINS;20220520;32.9;17.2;24.6
BEINS;20220521;29.9;19.0;24.3
BEINS;20220522;27.4;16.6;21.6
BEINS;20220523;28.4;18.2;21.7
BEINS;20220524;19.8;14.6;16.9
BEINS;20220525;23.8;13.7;18.4
BEINS;20220526;25.3;12.1;18.8
BEINS;20220527;26.2;12.5;19.5
BEINS;20220528;21.8;14.7;18.4
BEINS;20220529;20.5;10.5;15.8
BEINS;20220530;22.7;10.9;16.9
BEINS;20220531;21.7;12.2;16.7
BEINS;20220601;21.8;12.9;17.4
BEINS;20220602;27.6;14.8;21.1
BEINS;20220603;26.5;16.4;21.2
BEINS;20220604;30.2;17.0;23.7
BEINS;20220605;26.0;17.2;21.4
BEINS;20220606;26.4;14.7;20.5
BEINS;20220607;24.7;13.8;19.5
BEINS;20220608;20.2;11.1;16.7
BEINS;20220609;20.9;12.2;16.0
BEINS;20220610;25.6;9.8;18.4

